-0.5198960411133202,-1.869057430353995
-0.8639209243046583,0.831221402643698
-1.2622039997023806,0.3890934218966406
-1.406890000460421,1.4487698322493212
-0.8283711019112351,1.1504551101001375
0.8845216757305177,1.3459959543222757
-0.8327586603500141,-0.1346082014560395
-0.7317014194278693,-0.9658649322931384
-0.8618219874114651,0.8456870967942732
0.3019882493764458,1.6468995578703527
0.48502309963783247,-0.8179799605383988
-0.7555888872548542,1.0064165665219065
-0.8481937483237812,1.4053166927287621
-0.565898525401426,1.1268497567523614
-0.3006360720375906,-0.8112439147158317
1.0930811424114724,1.1759340839702097
0.7860869030491225,-1.0399649038617367
-0.915331517026412,-0.34271742199758326
0.3848568727515278,-1.4070001349522097
-1.059035478122555,-1.3762341049131412
0.34717049540525063,-0.6106874524732873
-1.1813700695391653,-0.6714976673803708
-1.401636045465925,-0.4511114921198593
-1.6439195202225463,-1.1668639164026164
-0.8368310966644946,-0.8010273467873352
-1.0861226678474396,-1.162962037356769
1.2806370388971444,1.051361817848004
1.4515293625425167,-0.5392842549825679
0.9193100933070995,0.8196063451443926
-0.7453550732962685,-0.8077472193614308
-0.8590574416299243,-0.8872820184908741
0.7484269792188204,1.8175880759637795
1.0411776047132615,1.1507698561460102
1.0410547553422131,-0.561104120439551
0.8902876026409566,-1.469815811076762
-1.2361483804493911,-0.9144047644980675
1.593289843888419,-1.0682471808955252
-1.0224159706654365,-1.018862302700879
0.6447237062341458,-0.6917787196281108
1.4870431996716507,1.6266074026238333
1.0604239140203262,-0.6819212046958304
-1.5476787960051563,1.1953212155351138
0.9244996008187106,1.0840322150853525
-0.9575952469862754,-0.9157654459716484
0.49392942665239586,0.738295648914259
-1.2883711281908474,1.6806531656923271
-0.5604992042550109,0.6556497044208656
1.498360272047444,-1.3558866734399053
0.755685703639682,-0.9219426874625677
1.013816495996536,-0.35093544864665355
-1.2659009321737564,-0.46322180080419223
-0.4917076498951941,-0.8591161416136904
-0.10456403160229989,-1.3622693859729562
1.872147578954444,-0.26853013195597036
1.156385429286181,-1.2879061293221428
-0.7493793871002387,1.0292133683195963
0.7735276171020694,1.6093693630226757
1.1862687437437904,-0.903734609555407
-0.8361863228722056,-0.4093080410589102
-0.20975755807227275,0.30974648769164564
-0.9085374483983398,0.9120359784129679
1.732370425378337,-0.956257622394119
-0.6164283556018585,0.8225540372555148
0.4248093518582321,-0.7376698869887098
0.7980007923018331,0.8371706814402702
0.9596297515465436,1.0375001320896606
-0.5708219560427946,-0.7730840232974074
0.18164201328004215,1.6889423968649888
-0.8308165106613529,0.9627025506927573
0.9924342329624958,1.0654839479161202
1.1923195423388877,0.8666759102142411
-1.1903189639568763,-0.8502234378100622
-0.9448260250664623,-1.4103215353114782
1.272598432530033,1.042952039096477
0.559621770119791,-0.8914794524457785
-0.9075940221356392,-1.2386879105092417
0.768477503857512,-1.5677423815205453
0.3050169426625567,1.0688549757838248
-0.36832537717707503,0.9414885272449758
1.6482977711150524,1.4730380436786765
0.9930126085346359,1.0115126784896524
1.5800145453268912,1.2933129547351039
-0.75064856611535,0.5763413966507415
-0.5288063880310315,1.277207994610619
-0.9657387938118013,1.1123663300503437
1.128250873197547,0.7127959378758599
-1.1909974313206786,0.3187130837462446
1.5402192173666016,-0.7832307667708751
1.3624285135267238,1.3248214597290053
0.6158272331273141,-0.801515991856323
0.893947533212255,1.3028435379519911
1.1181149686854974,0.8827471542770443
-0.44510410367182374,0.5981188729246584
-0.9027546737929995,0.5713486861335858
-0.5577937098351283,0.35005340460825435
0.9896471664574201,-1.2842748750241988
1.2351315157834364,-1.3658439419530146
0.757018849945225,1.1550269044869532
-0.5381704327445189,-0.9496187423063646
-0.9046290962624887,1.1450844392873496
-0.7236497546274998,-0.8318892208465926
0.8326901823407638,0.6632765642918849
-0.756261522800597,-0.8567912194364766
-0.7700379957173489,1.6417003071231635
0.2329548018226248,-0.9886331391503025
1.3756712948275964,1.0428501449534535
0.7311096636288991,-1.3290492965731195
-1.4199018638611698,-1.2044569594393522
0.8856602119731263,0.8155751090194883
0.18693858751360967,0.7262288489847956
1.129071366954166,0.8622493745813686
0.9443713743522981,-0.6972234448381138
-0.6396440339430375,-0.6022013885439083
0.4066779231319584,0.7432854712687462
-0.8583396434622249,1.4170732717700047
1.1601711945006958,-1.3104156368383253
-1.1417618375859846,0.363693839712403
0.49752827630055385,1.4068273340862767
-0.5408209408324781,-1.1271748226322689
0.7128747502437981,0.5131105493536818
-0.9971355658986439,1.5077380030067487
-1.1426918850237802,-0.34900862105236913
-0.6957557627369577,0.3231938684886775
1.0247714220418291,0.5971007660670146
1.1668929924253668,0.3333705722375556
0.5092838790212743,0.7638044896631411
0.9096389871524886,1.5591175837600875
-0.7010445762880909,-1.0574166625518353
-1.3426955954824933,-0.6326841945125045
-1.0774042337633118,-1.2297420866795414
-1.1365472221578954,1.0495652473770847
-0.8771533577772196,-1.063069115063102
1.2433560849268412,-0.742483385238043
1.372239789551835,0.8591517315235954
-0.3406895756435778,0.5780420627348769
0.8322626603150965,-0.5073707522481391
0.5377428163037554,1.315516939555724
-2.0761128357243672,1.1639346744076053
1.6277526101514976,1.2606488994416196
0.9203816741254677,0.49381281422457796
1.0404248543678583,-0.7693142265370913
-0.7999153010136612,0.4193904411188247
-0.8464302799412883,-0.5228876440343154
-0.835269423752699,-0.8484035079879734
1.0858096252190534,-0.4786098259960944
-1.2928043403697267,0.9631638560129626
0.4399914549830722,0.427773175222527
-0.7993540001858602,-0.5542456894552572
0.5459781045870568,0.400673044171855
1.1362436435497065,-0.658201286610911
0.5098285389628568,-0.9054923347195544
-0.9416026915889394,-1.0402931347532816
-0.7648601886431718,0.9108768558758144
1.522866639907144,-0.6833310948360242
-0.29449976128570143,0.3163680017352626
1.3278159105933691,-1.300948756979455
0.8461836303503099,-1.014136103135955
0.593796294825226,0.05423471925444071
1.045590038562856,1.4160545693984918
0.6547042290150007,-1.3669932465068302
1.4204240871209108,-0.9324313527538197
1.0534521373805068,-0.9738320702720692
1.4243073912940278,0.5994304906562162
0.8966636643693882,1.0774759560871807
-1.2131252647704152,-1.2583340443997415
0.9820341148387638,1.0742930446497592
0.44679905027756184,0.7550184200571542
0.6332248058453077,0.38351599279049914
0.6735353048461347,1.274408167505853
-0.8518567848131816,-0.30512372836710067
-0.7081267709334228,1.4960643485734553
1.023936434320464,-0.8641241802624702
-0.5974984974226558,0.9937665332972053
-0.5484107178658969,1.1464696008363882
-1.4242997624100802,-0.9381997104734342
-0.9253808338914873,-0.6192087370598136
0.80363497655274,0.4173347735630608
-1.1633939830594464,-1.9708652721604136
1.7730780170119622,0.9100492803052725
-0.788986653932704,-0.9793759958453564
-1.0540097096216732,-0.5293021970805644
1.1627559644672314,1.26662420777171
1.2438382208413832,-0.8019726193081513
0.8277434884788027,-1.6618165199916302
1.5316591067995724,-1.1305163179616124
0.36337295199426917,0.949061092750243
1.2556295033777602,0.6512841597057841
-1.2845712659443478,0.5935508864151291
-1.3567278932862383,-1.3444388171037356
-0.2688312869762062,-0.972060851631958
1.5893553128118296,1.0736156728830577
-0.9877204371632892,1.2570271036225402
-1.497831564675,0.7382148978510231
1.3913485914455215,1.3702079067540383
0.9554208354864072,-0.8123573997665816
-1.7506831370982265,-0.7744538197291236
-0.6183957909095125,-0.7057757909927217
1.6277522502131556,0.5643598513046547
1.2383520583240901,-0.8348275515909122
-0.41128066304107425,-1.1113890221756983
1.104599935276586,-0.5671029200973665
0.7237595524309123,1.0254594842896598
-0.8262631040136178,0.7811891578981601
1.0671535557623122,1.1869016728529342
-1.113356785287999,-1.3608874607552865
-0.9254355080288398,0.883742536007643
-1.4414317236845924,-1.1410453395028328
0.5623859658533491,-1.2919378637324834
0.6482831434000755,-0.5967853915664897
-0.3919925440002778,-0.7764548809393723
-0.9129590543737557,1.3154700776685635
0.7019559160299892,0.7478302677116175
-0.37981583068053726,0.9461885073156542
-1.2154446414327238,1.4980129079151683
-1.2658830773799175,-1.3898662251700233
-1.2976148074065672,0.6836691379277589
-1.216426619508525,-0.8338709862889406
-0.7143073951858656,0.6779179683831383
-1.7968941167623795,-0.9153754736126751
-0.5361396260089344,-1.2912061689882965
0.6996431241515575,0.7915621360386843
0.9945538375993681,-1.2750986233697739
-0.8437892580578037,1.3551065880080788
1.9351580847110081,0.8983413847298798
1.4790031049201877,1.240871939568396
-0.7990090038400242,0.9718012322914586
0.7859905489203274,-1.0960950266124543
-1.4558909186374738,-1.3704469123967467
1.221261241035495,1.230132592215611
-0.4040301730642437,0.31884419140732023
-1.2039176146782122,-0.7174115557965124
1.038796349149333,0.8893848170051141
-1.0573872399998678,-1.2724998517212678
1.1821587937459979,0.7553381544044431
0.7028946512345071,-0.5560872867943794
-0.9133714770873479,1.0453209941716923
0.7909627190124419,-0.9450494560711629
-1.0030612929430625,-1.0346389776552836
1.212134687658696,0.48610375686730367
1.148849035407928,0.8486615211717758
1.0607332177823905,-1.140887988151007
-1.5102400908337985,0.9268635993002232
1.2063738262113843,-0.9471051987165966
-0.7648798942907491,0.46714805464846954
-0.8879005867165737,1.7356760397219737
-0.09534791401542136,-0.4970821281955757
-0.9101325828310323,0.8834010951364124
-0.9378032983617508,0.7008492917288814
0.8911195256176457,0.6742014988872241
-0.8192745920819171,-1.2192172000552102
-1.213779512895523,-1.1194349652357158
-1.5254405265488193,-0.947713664976317
-0.1727239849631783,-1.0363086189455704
-1.2385175616417243,-1.2552439950757657
1.006449861003844,-0.6654107737693368
0.8193792288628943,0.9464373674214908
-0.284664405087708,-1.2157486015547636
-0.697524287816477,0.8309085856008568
0.4553499717545586,1.0244045132338881
-1.0942347452512353,-1.0030217551330685
-1.5617404434283635,1.1433380946428304
-1.2345660957928488,-1.0432975621534324
-0.8355144644682431,-1.2987949034982138
1.1585374603377543,-1.1427431079308497
-1.2677895836733168,-0.7627675954644314
-0.9309447172181359,0.8819830144444516
-1.0625590142761603,-1.08698531330228
-0.6953909769857315,-0.591794491405162
0.8960104515130767,-0.41734203031215183
1.2208466892194336,-0.9711185680496186
0.935499901050495,-1.2063541298387424
-1.0720457938734234,1.4366830794746415
-0.7974377826468091,-0.09993246753320605
0.6024327113144351,-1.6485410586068383
1.2172723224346675,0.970657153364884
0.5472021392200171,1.373448605240852
0.08595702818721676,1.018649390865257
-1.0466196544243358,0.9346529732210984
-0.9770245676625436,1.3669662000089287
-1.3342179762939006,0.9126226359510198
1.0236687739455164,-0.40607270174471227
1.7958889643624503,-0.8796032558806205
-0.9951367109283935,-0.9635183923105483
1.1914906582735958,1.1825301758722
-1.3945886259371225,-1.1393348833558186
1.1340125644705081,-0.7732720685244078
-1.2187281243998362,-1.3363478759863847
0.8725526778588308,-0.7831749652276526
0.7410808712527868,-0.5372907886180932
-0.49387165369117014,0.5889189702905269
-1.4132120497004104,0.7942412219909212
-0.9731320773805989,-1.0641331072960065
-1.205802896551132,0.7478974732705156
-1.1049866945429319,-0.914999459792392
-0.652897683602484,0.833828427111109
0.8866891282669853,0.9604080450116692
-1.1748328130954624,-0.9663251682009115
-1.159950598778493,-0.748297320921597
-1.1037917641181416,1.3754570436794917
-1.290956371174636,-0.3039988117929042
-0.784659483555956,-0.3789262590704623
0.9714489399142431,-0.7818786946648633
-1.0483154637992829,-1.216680759426859
-0.8922002289514154,-1.3211109428852872
-0.5811034980279829,1.7432205239198213
-1.5231771359609823,0.8758266748154756
1.2471696782123607,0.8334441940810725
-0.5190254525721262,0.3312931825330044
-1.5591259545902116,1.5902461954945901
0.9120929938521904,0.886000135315729
0.5584896513665913,-1.145583275109833
-1.1947045251610555,0.7007790857477384
0.3112816471275308,0.5970079308287768
0.4285270121967596,-0.20302537667678694
1.1724203938948532,0.32786244249376617
1.3313334513616548,0.7580496243267202
-0.5724983717449507,-1.1172295100595357
0.6026382116988082,-0.720169184419241
-1.2313431266609056,0.41981414296627767
1.3880448834713086,-0.9941894410851405
-0.7536045339063967,-0.2957927090306153
-0.9009669141450476,-1.5862433860463816
0.792177399541496,0.9605553239041077
-1.3872057501625712,0.9362536794589676
0.5803323878410337,0.7977583024809265
-1.0674804821896953,1.2150019818770037
-0.28043872635040124,1.1892837572178077
1.2752110009543736,-0.9439827838106233
1.8190167329764844,1.2748587598129382
1.0128009547889738,-1.3815684765414862
0.8770748602921046,-0.5350297735593181
0.6782281667534428,1.4936910550517999
1.5035611512744476,1.4689135161706992
-0.6440370644265341,1.0034449209886522
1.5883217241605876,-0.6440942281131053
-1.0683844178994995,0.38133520274606514
0.51443132055637,-0.5543781717042304
0.7996657906492053,0.983607774576629
0.6154699076768265,1.6318483733665718
1.2397334865697216,0.9276290643783538
1.6605285808959078,1.0698949223274605
0.8764653189027422,1.7600125846895371
-0.894421260871989,0.8250082572486712
-0.6155587439236555,-0.4201024714149533
1.3423860252761828,-0.9738542398642187
-1.6633623774543773,-0.7835570936405019
-1.5151704540923867,1.4649782822635025
0.3477399876894411,1.1513375671399355
-0.5543511637684503,-0.6393530248653302
0.7335717822347374,1.0794914635378061
1.1495652498951614,1.054944143195401
0.7608565083174248,-0.5991371073499738
-1.4772052022349085,-1.5801200802740707
-1.5276664346556772,0.26891812914543467
1.091716601353057,-0.7204825378756813
-1.3287576126779288,0.9165960596469592
1.107698526400301,0.3577028600588126
-1.1172200601393079,0.5721310204589781
-0.8303910012270211,1.3426287061493456
1.9293512961232517,-0.997134829205125
-0.9170433280623843,1.25355781230035
-0.7136266374022117,-0.5929339835485687
-0.8097916266621791,-0.6160365164086222
0.9599914550332339,-0.9168528833141333
0.8400029589790026,-1.0515705996290503
-1.052255880368631,1.1274089741346698
0.8582002574482521,1.2510859937617105
-0.34297678314852137,1.152427055215023
-1.3029432609876777,-1.0843648770425052
0.7867727335845939,1.0624868198120911
-1.1599031503695512,0.9889832886596185
1.040411926920195,1.5699598124795076
1.165886820966452,-1.156253228296172
-0.13461446268687866,-1.518456164900611
0.13438701375244075,-0.43540767894624227
0.7883382217928762,0.497019329200265
-0.6685194277317714,1.408955319023683
0.7568013801672226,-1.1163460252112662
-0.7295951207019997,-0.013857020043444055
-1.1174040993480376,-0.6844078907812211
1.0174801867173684,-0.9555668775903579
-0.39236645310239837,1.0943958257515443
0.9492847819400141,0.31316299718019164
-1.2306181113516506,-1.141461436050544
-1.5293512329597938,-1.0730233573408543
0.3983830955538857,-1.0901331182313563
-1.0204774928675748,0.4386955052413456
0.18861768808460155,-0.7048721285120394
1.0725171871003067,0.9781944165829671
0.8853556566240982,1.324128326728618
1.2058889246907858,-0.5145161355874707
-1.229942223205192,0.5773679452427753
0.04257071682947362,-1.0722693265457064
0.8797672249760112,-0.8873992733580628
1.489204766066175,0.8498226021923112
1.1046392425078737,0.5690425881708387
-0.905117097157318,-1.5022317880761025
-0.7201678858274864,0.8730083641323253
0.32701459586445863,-1.1940086520369266
-1.5865537339031188,0.6290687819133997
0.9717557112706536,-0.3401148789674054
0.7610221619658798,0.11177058143767825
-0.9240037790789373,-0.9186419932100442
-0.31643962859630526,0.8475007937983392
-1.1622146963652615,0.9546999686803083
0.5693645438250905,0.3815155935414785
0.3362551253751381,0.8470194312490937
0.9388493486746166,1.585932052596376
0.9739916171922274,-0.9567809729169667
1.5806662443562887,-1.0313985621219708
0.3983409407681388,1.221552953942834
0.9712067225745855,1.1411979263132686
-0.5859808233860301,1.5919848981204903
0.8234871976227477,-1.054152066542156
1.2319354720872127,0.9546061170006289
1.2266541069080208,0.7532310449740922
0.9533151015869039,1.108250238047104
-0.742956703564039,-0.8680095297107774
0.38546428859129916,-1.3933747235171712
-0.7540389808499113,0.9647583727907008
1.2765603039561944,1.043510098034378
-1.3434742368927528,0.4409893601014684
1.2767641765061881,-0.752524130083124
-1.164684580332718,1.0044275448099746
-1.1713927628712102,-0.4430626731458139
-1.798902181211481,-0.6034418170408216
0.382118400286186,-0.36975083691222266
-0.9085169550864234,-0.9486406924600219
-1.167569788216987,-0.8020109266583897
0.6446264434052752,0.8848599316535406
-1.2801391584998978,1.4530003577396007
0.5056162971745778,0.8102137616613938
-0.8460510781984218,1.6609325824787484
-0.5104376833045655,1.073753751945169
0.9715563516224051,-0.8499928645718097
-1.0872866342119027,-0.8246649576464924
0.6119192326210485,0.711663989088451
1.6108203496206526,-0.9508622587105167
-1.3640725238483657,1.4752136064853816
-1.2010124664056288,-0.941410034006502
0.7853898078118916,1.3776262823982073
-0.7711547261521737,0.9221018965798654
1.357631613772756,0.46914099914748875
-1.2026783486696997,0.3907194806145823
0.8267653379568357,-1.5665722586544433
0.9767090795220571,-1.16525688430115
1.1736011518058806,0.3449922257039964
-0.9160906832178498,1.7384112976863217
-0.9941932139362565,0.2919669693261926
-1.4473511904092855,-0.18422271508639326
1.789625915268516,0.5337705484627815
0.7713874920171421,0.8220211992852712
0.8058910953746489,0.9834765685047133
-1.3121545163202348,0.7201173438087919
0.9225939350758281,-1.4888514216959585
1.4051191614439602,-0.738222237910831
0.5060513746954565,1.2144914897185868
0.9838888132175109,-1.6551343677899997
-0.9422615037982909,0.662791267412464
-1.2701964987982821,-0.8348634301008981
-0.4816194248453189,-1.15651639610461
1.1224349121073096,-0.7900741614751606
1.291098007855676,-1.0768784618275573
1.1292992740354877,0.9583631091296614
-0.9147689477291364,0.24366208427852368
-0.9624467416022394,-0.8087439029724118
-1.2604164896683296,-0.8295419720077936
-0.9745321547628881,1.3174965935885379
-0.9533976825656867,-0.41727464738024406
1.2218037494878031,0.4879761005613002
1.1961545266948257,-1.4758656251045388
0.5786410185092582,0.6324464103545296
0.28358083660480055,1.0923886895849828
-0.6401649531773036,-0.5290321748974544
-1.078902472213864,0.6898542825698656
1.1251984204895293,-1.0435375035041619
0.15793046949066405,0.9714139183112056
-0.9050040560747324,0.8044970111358899
-1.2822628280890365,0.7076968720253325
0.7658591110390413,-0.39562368809423937
1.0155201832326595,-0.89397758769788
0.9203871744889811,-1.2737261957885
0.9451593395316218,-0.09768754811497646
1.2797677712411326,1.1409283727839692
0.552310658792611,-1.4515798145693088
1.5206574217758926,-1.217000276218547
-1.1223090145806112,-1.6196493965802017
-0.8399065828154346,1.135672075545816
1.028065645842218,-0.5329354458830976
1.5239576456722912,-1.1607140610932725
1.4411473221436344,0.6707738957582665
-0.012114819132210642,1.1673236726385436
0.8743923932898119,-0.9548569394918254
-1.0944979875260983,1.0265287074156573
0.8196264250412028,0.9616824227949654
-1.2296961336659775,0.5756499541603998
-0.431999537307245,0.8060858328579494
1.4350278637991685,-0.5873051343556438
0.6929336757911078,0.7811317122041622
0.7665064389334401,-0.8911157152237745
0.6586764832337417,0.6201271344918123
2.111273830368966,-0.8528327854431063
1.5463540473732895,0.9863894591860534
0.2788889246758939,1.0570985856664914
-0.8892233763386708,0.6219402156238166
1.2598572255383012,0.8831155625102116
0.4461276292124139,-0.722875451369178
0.8873809700235814,-1.0233708006193194
-0.049346003558277056,-1.3958159288831098
0.5479900192585793,-1.2397663370027172
0.8523753683850233,0.5880949387551335
1.3598060189258918,-0.79478974674705
0.6929763302187634,0.7329817777935742
0.7820159554770035,-1.0720574401015137
0.5124224105329594,-1.3718734093644582
-0.7539692652478629,0.6978842419251028
-0.7835229788307455,-0.8525326079511694
0.5572966410163845,0.8968883790267552
1.1908523814528953,1.4069819325474693
0.6056170627605907,0.19334586484540914
1.220140962293032,-1.0786636234258893
0.9286402396713316,1.0658496740306327
0.5963294139664589,1.338647878552099
-0.9498474043656797,0.6654463846495462
-1.1781817399701384,-1.0302569049881902
1.1820044961979124,-1.859951320735432
1.1331239743455919,-0.8053669968108045
-0.9381666383628461,-0.8345194292677106
0.6848006172745504,0.9374404785648702
1.135320773552347,-0.07607756458017528
-0.42833574657627566,-0.8469791449165291
1.0064999260438794,-1.3506577540265112
-0.7337191694739401,0.9049315923938792
0.6543218376975157,-0.8114195849985812
-1.0704591907331302,-0.6550847486828996
1.3226209662282091,-0.7014205161213598
-0.9608568168023398,-1.536875793159922
-0.7468588047362975,0.8907741557325255
0.9419253028083275,-1.1424205990657044
-0.9128497187609971,0.8953432010540772
-0.988036035133302,1.2305444769100857
0.8051973800166875,-0.17478916321798837
1.074594785831326,0.5192094091844827
-0.5430932122423934,-0.6637091071147466
-0.9475683329336662,-0.8272424254924876
-0.710641909301704,-1.3978091229052656
0.8355344291784411,1.2223509599126632
0.9967841905600262,1.1604517562933827
-1.0552917397009614,-1.5851705808220988
1.3431208311676581,1.4055680544789613
-1.2681981424720006,-0.546887285337026
0.8719798820156867,-0.9724839367055245
-1.009649957770431,-0.3615722158182659
-1.0169303679243917,-0.9902715746255356
-1.0654316070430545,-2.0490923345786114
1.6335365936248387,0.4273880985482002
0.6657832180201225,0.414224502071255
-1.1254984399448393,-1.0968942034706426
1.2138998316000629,-0.7147486029695596
1.145398864091429,0.8433463978568885
-0.5053883503134713,-1.1147374999439195
-1.5966039238516136,-0.8106469411235536
0.39832491862864805,-1.5080329310816674
1.3536227395124083,1.1090503601093906
0.8706052341489756,-1.1114578988486417
0.6514838114119189,0.39410193452585435
-0.5445113540021839,-1.1661464197115514
-1.033366747669322,0.7635625444850468
0.918218769993816,-0.893640948066226
-0.9095703807638545,0.7683437652064825
0.6680064055603552,0.6250981307468839
1.0453215268204168,-0.9066176743421613
-0.6332266636036797,-1.5372079727233308
-0.17594136718688116,-0.597199114699116
1.641665521536353,-0.9283566192953704
-0.6942646008066464,-0.5106770902558855
-1.2285807704920968,0.9893883441620875
0.052271167853683256,0.6493216641858561
-0.7506524892626605,0.7934706447031918
-1.2178062325994305,-1.0945650231303592
-0.9792011618248985,0.6180867045929864
-0.4532904790346123,0.15421597884635718
0.7853855936990798,-0.5718856107086778
-0.5930006419210845,1.307581959773736
0.1503431498237912,-0.40331124878997127
-1.5490739308362593,1.1956307337562084
0.0065039747290470806,-1.7530181552948931
1.2532136795753845,1.3475526329055547
-1.3058947034775779,0.8089896887541606
-0.7691033603001695,-0.9943132480283401
1.535195183996447,-1.2276881542468667
-0.8126156572629473,-0.7702495289000774
0.32930447950519026,0.346048009660357
-0.8599363701629658,-0.3448820440596005
-0.8384388603449375,-0.7775727643701997
-0.7469378752433989,-1.0597767745757085
0.5027247827664386,1.2587196730512114
0.8203213170493834,0.3060317102755481
0.9600005807395164,-0.635402836795488
0.5512866547847693,1.1776667383064214
0.9876138206750834,0.8076123987822607
0.43474059236245266,-0.45521235599766063
0.7030911306050409,-1.0672265875485993
-1.3749024530543523,-0.565215754521102
1.088567475392604,-1.1104245218971815
1.0367900826792396,0.596289310235066
-0.7772987446635536,1.298976021927046
-0.9099501554581869,0.9934962688958705
0.6088166771301101,-1.0083345832986055
-1.0455082768544388,1.6779507085371275
0.8266928602160625,0.6441386435055261
1.261176813773157,-0.6879685042502899
-0.5723707895811483,-0.40073720723200373
1.0818587124168777,0.521553124845693
-0.6064056336569326,0.6758964029687441
-0.6928657801547357,-1.4188622247932803
1.1940571395360284,0.9270664507739742
-1.7281757687330082,0.6928822808980372
1.4893551816067332,0.16037168540788854
0.9738710640703919,-0.8733839231506976
-1.0797906625144944,1.1374259973997132
0.994030509780065,-1.646994528667385
-0.8179847408763512,0.7025059100079223
-0.9411883119308525,-1.067531363584978
-0.23373613965290815,-1.0020735096127416
-1.0259498938254594,1.4790999346785083
-0.8780473573769901,1.168672790879437
1.0406014632797729,-1.037274241899674
-1.2608277689455523,-0.8516296607557956
1.426244521959126,-0.9865581793594512
1.0911000253863177,-0.8317212241016906
-0.388146008949072,-0.7682060539312817
-1.2380465235368427,0.97575166951284
0.9216949204793371,-0.7986638593563763
0.939865698003578,-0.9679779267672664
-0.5522768536873114,0.8566434956899269
-1.8779954580485958,-1.3495238745186315
0.2641966923066262,-0.770817621776898
-0.751532092200927,-1.5993723201668701
0.5747087229378761,1.0420643539528391
-0.5761487541134579,1.1320024959002186
-0.5376129563752204,-1.6798156842637346
0.772030414782725,0.9927154997252777
0.47028633315509605,-1.1396634921146032
-0.8090569357660298,1.2623499546576034
-0.9684855593096695,-0.503978791906767
1.060675669763237,1.6728786207252218
0.5169416447580465,0.6555311532080742
-0.8877983185719096,1.0172526011899798
1.2863512279751372,0.8683630387440604
1.0088875442072904,0.9069635106911664
1.4963454685409745,1.1301724838404112
-1.4942168087338663,1.1223503061967093
1.4559909789594982,-0.8687522134531457
-1.3716813119727231,-1.0356423448223755
-0.7468920175119955,1.5596680448253522
1.2633275182974186,-0.3780231020537288
-0.39946331117968387,1.049838502789838
-0.8877498497531049,1.4503895121416883
0.7659677459222316,0.9321345779980289
0.8138116257732498,-0.9259285885106247
-0.48097359165674447,1.1914580163367148
-1.0003497770033916,-0.7582255597278108
1.546490962295193,-1.4959538665225738
-0.6527806221366353,-1.330652182399234
-1.0356012655486884,-1.2335596696342324
0.7387621798792997,-0.8586697365024195
-0.5702467735947686,-1.0218265753785967
0.5644165953540997,-1.1965315681279487
0.8356345280811929,0.5086317169004962
0.4071475645395421,-0.21218460782823229
-0.6637443738812945,-0.6283531579785225
1.2408358108818005,-0.7265096771299538
1.0510912693555274,0.6099019046017988
-0.7367446335459696,1.1057282583859018
1.2066576448737474,-1.061617931136594
-1.1869416545942522,-1.2532594659507965
-1.0093969456123582,-1.247571777341114
-0.8022137629527285,-0.7306274501384933
0.8060622943941792,0.7107697225261573
1.2371122911620949,0.9474578669290454
0.0032547777923679485,1.5526944880168716
-0.9404029906836617,-1.0204743874916693
0.7109510699494314,-1.347898504591138
-1.2025867111937596,-1.2511172499192693
0.1667220773662793,1.008065949160651
-0.9235997466255547,1.3833797082451633
0.6854951421130552,0.7927407831034382
-0.05150474660051362,1.1498365855817203
-1.3709906014056445,0.9776805516252026
0.5639096531007232,0.3545501645326309
0.7458912572074451,0.763710487564113
-1.1015398333965545,0.8224126611126491
-1.2933681621377426,-0.3011923160904335
0.864228501108899,0.7796912585625634
1.1451225094942534,-0.868802614400699
1.2185557592572154,-1.0221142081081038
-0.8309924107725178,-1.0596136296411076
1.1843518163193782,1.0763162896315275
-0.9966383276198035,-1.173594074574293
1.260188872445393,-1.5983263896658877
-1.0932732519046844,0.6076623135496543
0.9033793303084932,-1.131522781956544
1.005975721976193,-0.5973567462880698
-1.2749409913384484,1.3005511104658356
-0.8672638973724441,1.6035174082276034
-0.4218038163421582,0.6521083121514305
0.9078294064098742,-1.4025515654163496
-1.6089298244487005,1.0671238537531276
-0.3519473325336517,0.9598514441616578
-1.2421864610220799,1.168348574862587
0.7651857187192198,-0.7854298530188478
0.48841098051295856,-0.7687068334338644
1.2912870081639392,-0.83939709977911
0.6493425474773474,1.1250398036052922
-0.8976503393218334,-1.0014658449059473
0.8085693881386345,-1.3899048834764707
-0.5995338635183868,-1.2204213021627748
-0.9585768999868566,-1.288170566273555
1.2670641459071614,1.4340145559964286
0.09821956614694934,0.5476381100807565
0.7629764829953255,1.103682320630882
-0.6604236987485391,-1.315241088320746
0.7454635513302439,0.4891770973845769
-0.44883128601378913,0.6632299004703354
0.4916563230062156,-1.1079013058080651
-0.6569072905705363,1.0819938772837583
0.6462756167041466,-0.280784802399184
-1.7067506761389455,0.24582659186352224
-0.8400225412338699,0.5536057685532018
-0.9117608430967652,0.941399557315997
1.119950686462702,1.3131213571704312
0.9125896667507563,-0.8200830759830788
0.602767752272054,1.068715232530458
-0.7600682778118704,0.8702554158414718
1.3204222826805896,-0.7457654981256259
-0.44281451473856437,-1.4800503642473763
-0.956597736607022,0.5372317975488523
-0.5590927302677127,-0.1339742038568628
0.4256039316132823,-1.3176515156527273
0.7567987859160401,-0.5768020460248163
-0.8361763102009719,-0.756628824472365
-1.2041496176483868,1.399463857252976
0.9243710090697427,-1.0429503262111315
0.7861103091476129,-1.2186942743788973
-1.5662217472201154,-1.4047192297176998
1.0769344225004949,0.9130124833021483
1.1067592028905038,1.0288576689386029
-1.2358305935934186,-0.24900846153556563
1.0575701827878405,-0.9766031599032411
0.6454888432777538,-0.8226593299813223
1.0641126982701357,-0.6776780708369514
-0.5733214663251475,0.4112145514827658
-1.001311116518162,-1.3236758465971576
0.5978351519620444,0.768796512856984
-0.746114775770072,-0.28111605030242975
-1.2311565149853854,1.2917331678317798
-0.9257226829440518,0.7438732320701227
-0.8401245108951815,-0.886950061924953
0.7251745033557359,-0.7468982402097128
-0.1211377720164237,1.098810771296982
-1.0765330312769403,-0.8841791369967723
-1.2376186844850063,-1.4928383718313012
1.2221404490498822,-1.2092209275909658
1.2193591680624356,1.0573984321478014
-1.0747384992294344,-1.328652197774583
-0.922068008995647,1.4307226311353176
-0.4710574948513857,0.405816924079213
-1.6416562579601106,-1.2603613191855672
-0.9120558849812094,-0.8861236699100717
0.7429729297820669,0.5637860641308654
-1.1073392335168386,-1.2245021221200973
1.0287353815338347,-1.0737416776831425
-0.7882665793707518,-0.6948222357427415
-1.2626078692430465,1.4477633113463524
0.6772940732760525,0.8703504511181226
-0.5747204677325969,-0.987710061110871
0.6906543262374596,0.7355532605848336
-0.6395162020278604,-1.1222176955885166
-0.8825570756706624,1.1250072994714115
1.2935909906218166,-0.735053916303531
-0.9285582953160656,-0.5239008392724455
0.330208215949788,1.0967689743448201
1.0007730426893817,0.7771286208568249
-0.7123889873415542,0.5324100898488939
1.4377755702564659,-1.070093873518324
-0.8176065996220244,0.6637730570326753
1.0996117907192142,1.0490360796449198
-1.1392586478411937,-0.5071807644791533
0.8663058374556893,0.6270740628537366
-0.6011718452672895,0.6263427376145345
1.737438327502796,1.4198042193453024
-1.1575557593012171,0.506302427297815
-0.9054353955042862,1.1573213265007771
-1.2198747852691312,0.5174631819537017
1.1199642947089516,-1.1957163468209873
-0.6315268564855954,0.8180704567023905
-0.660514336498433,0.8152169600957339
0.8747768986390242,-0.6384248569335993
-1.199466881328973,-0.8719875524590378
1.0118443367067174,-0.8091205175834906
1.2528080993027633,0.6849796014912717
-0.4059860547535691,-1.0349526877280093
1.1458323886438884,-1.0459381626904696
-1.1081402517446137,-1.3117871600127937
0.347904666086986,-0.0934042349143798
0.6606024671385825,1.4961450410915225
-1.458474810133082,1.0669776880644237
-0.9031142138727827,1.6130970344943394
1.2573089673020599,1.028035479261028
0.76153075984006,-1.2417683745956756
0.707691705307738,-1.2271037128463669
-1.2488793238160971,1.2503927246005313
-1.5316703857127596,1.442739055673128
-0.7183196329497047,-0.7605733464366141
-1.5140937362200155,-1.2508957197447246
0.6964415285053915,-0.8673937186725711
0.9519290053133085,0.8564679787437456
-0.7821772463780663,0.559721922364038
-1.11598728871126,0.8857418683388071
-0.8429988183379609,1.1414257609708929
1.7769529927860734,0.387974235067625
-1.5447655428977778,1.223869509259269
0.8302695109342666,-1.3510961984283387
0.3208800527944146,-0.8660889146360267
1.1213002430188723,-1.241684708527567
-0.9581574353807792,0.5369594808882603
-0.5187168443037605,-1.1563212727764576
0.9674252953745464,-0.575826252737448
-0.7192612548361522,-1.5950604371767325
1.342889073832571,1.1679319007335833
0.5528846068041254,0.7962936510995233
-0.801487498038458,1.0392721237221256
-0.7520116827474252,-0.886699798157505
-0.6223362902003611,0.24298520683336458
-0.6136852110221509,0.8153783145738717
1.1735047307707127,-0.7054188145956718
1.0116290899214055,-0.7265599061906431
0.49976687208539344,1.6442545527374253
-0.5634858388492427,-0.4315213180725448
-1.4319601928414045,0.7275376599347009
-0.5724808687863987,-0.9358684346106592
-0.9934681326250798,-0.8880691582796345
1.8442738420114586,-1.0009789101254791
1.2211185670813605,1.3062693429863301
-1.212437582582188,-0.5181911205318874
0.7502017669350135,1.639045615875118
-0.813437721385909,-1.7808474330924255
-0.5053964558353559,0.34747624451367115
-1.0961423283702396,1.3963000034359394
-1.207105271822709,0.8260753686119126
0.47021139141110463,1.2131206874285456
1.2980314277136873,1.7541599158183152
0.5252670080436649,0.9449584177257279
-1.2231302101020016,-1.4409897647129577
-0.6811046854891545,1.1803664383336232
1.550980951619038,-1.4466301780626698
-1.3455922692019562,-1.0552927588500205
-1.1884211254834127,0.5117310581243605
-0.8176310370521586,-0.39233670379077856
-0.7489307339423317,0.7774224608247725
1.5285970393030575,-0.9927079827537314
0.9119346944335535,-0.45736268152641846
-0.6516244129503318,-0.9137938617660758
0.584598015856877,0.7740715529249147
0.33422886612745445,-1.111831650648047
-1.0519145798939875,1.8648292570463887
1.2847909949107557,-0.08722228470312206
-0.38880808645410175,1.4662720641518785
0.6961945218710748,0.10365099120993097
0.7137427699144447,0.9062374845929285
0.3817503273580778,1.0881211795927137
-1.0489507067737498,-1.4232589022056896
1.4988186077301542,1.5614270284619807
-1.043693805139871,0.9182303098506142
0.6812103332253511,1.5392300032650321
0.5251804775297128,-0.9343308274786285
-0.9406925183817447,-0.9234053558051739
0.5233772345382001,-1.1253179116042282
-0.3690142123464917,0.14044230234802615
-0.7582969124674424,-1.1444343634513343
-0.7705093025150924,-1.5794623773582415
1.3528963378551924,0.5264074582232384
-0.8366794991121487,-1.5435263964268329
0.33902183855555407,-1.430529191588155
1.320789465247856,-0.8620223111261268
-1.1039055907095452,-0.9505496707396279
0.45027890619232724,1.538704967539122
-0.720128045305479,1.1043701267849018
-0.7879157125956571,0.7492133083116511
-0.9427737344392241,0.7604710789497486
-1.1957452556052541,0.8668833882590213
-0.5959013115283841,1.3692305063988852
0.6369176089311291,0.6707367051325287
1.6057072369676126,-0.7614623153599832
-1.055475691229176,-0.5760681688880687
-0.45224264200188913,0.888555508423039
0.6331388392747131,-1.1157509965651555
0.8144148215122158,-1.1858725795853977
0.6333056676709976,0.2874429798269378
0.9120886720853515,-1.4525943928612843
0.25607826995668354,-1.1801526590573506
1.277650100427249,-0.9719054214065941
0.8202836731404403,0.8393566161788936
0.698487594469913,0.7787957023671789
0.7752680497375033,-0.49795265152918816
-1.2873730682180866,0.5549725736642356
0.6382145166482283,-1.0042581901321603
-0.6711112033093064,-1.184467424900341
1.07929432867819,-0.48994404380777634
0.7617710068025179,0.4018235263456422
-1.278993416614098,1.1020506356255915
-0.11444365635241495,1.1704498534708256
-1.0705932585738662,-1.2423420552533693
-1.1979777840694144,-0.9107634629525928
0.9465533672707056,-0.956948344482562
-1.4621203388904391,-1.175569934611013
-0.9728012512181053,0.4717990146184184
0.9883892881349845,1.4633362965714354
-0.3673707040479761,-0.7301604530377842
0.9030769330944045,0.9975049515786747
1.6274277148044805,-0.6428473090998399
-1.824119415165372,1.3378745390469262
1.1901339069575836,-0.9044604018377221
0.5437243091203828,1.2289286892371747
-1.2649243532122763,-0.9889200174470223
-0.46548544306750256,-0.898915134026832
0.6330652079299696,-1.4586510778258557
0.8233740196804161,-1.1671289505188762
1.0389881773085923,0.5585014766669926
0.5742270924892976,-0.4251776965831091
-1.426146240766211,0.917586711438608
-1.5372185373429552,0.8788779613439621
0.6176902157492239,-0.45808268997945323
1.0264956892087118,-0.3587267592769458
0.7248250370662094,-1.0366507889318692
0.9179996571254996,1.0071968766062187
-1.2930732844048751,0.6219345558396369
-1.4799002741904228,0.8231170672112276
-0.3999534757399192,0.9842473751334039
0.9291367025305742,0.9851695585176284
-1.1639364883126782,-0.5646846658737853
-1.4283726789025035,-0.6028500459725139
0.44075075171011835,0.19784593100560127
-0.8406755943913911,-1.3697188214203349
-0.6885898867604408,1.2549653082367702
-0.400019724359606,-1.0746168199182724
-0.6588637659413531,1.269189453443897
-0.9057287193767705,0.711638672916581
0.9837635058474583,-1.4425472752608168
1.0122168709690975,1.2867485671356804
0.803843518979095,0.3280405908522689
-1.054691727925257,1.2136977594363694
-1.629800074075719,1.1709997232039886
-0.9031260255759693,-0.05790330490920263
-1.2955351045922174,0.5458671718814735
0.8984318034407784,0.6803756775094755
-1.1174830676256364,-0.5196288018544335
-0.9562834924039139,0.597879380894779
-0.7841521750186813,-0.44307026101862407
0.7815161821674853,0.6493284545679155
1.2549468588128692,-0.05614491197621578
1.341660160531476,0.8390796493671636
-0.8475051845031487,-1.5815604459705446
-0.8494961834592116,1.5551348235334983
1.5777325596547307,1.1787413422327269
-1.2527731918272413,-0.43765577536953065
-1.5866617547244999,0.532507196060811
-0.5457151885751967,1.1207319771457378
-0.9773819586240222,0.9500956489850516
-1.0538293666144818,1.1508136698047131
1.4157800231113555,-0.6949801926286857
0.74541864840729,-0.6364660647446017
-0.6689261167571272,-1.0641270094798068
1.0347526391404447,-0.7288242671747819
0.48036092595025476,1.23784437250086
-0.8355318348807433,1.5224815372727614
0.9259300791540332,0.6528125948487574
-1.0475538765984693,0.8322418530512353
-0.4277987420192545,-1.279520936255831
-0.45056996487281376,-0.844700067271855
-1.212598182740268,0.9261338740940256
-0.7972368526871636,-0.5719444136670022
0.6797907577822339,0.4768119611900105
-0.9007366690751447,-0.602249740566976
1.2874034506285383,0.8697135581713183
-1.2223076195043807,1.5916047446802064
0.598378571276142,0.9448771978669288
-0.9061413353207094,-0.6389896937085504
-0.3290074694694668,-1.018490981272481
-1.3077218257895258,-1.3239788038671934
1.0842087470994177,0.6724890295222545
1.2871557906809807,0.9580411460654367
0.7163710738875106,-1.0886966831794036
-0.9166685051348752,-0.7280529181299101
-0.19026919799667547,0.8531220325375448
1.2054210535847518,0.9733589777408431
-1.1719741613273453,0.7170365695725583
0.2512405197625301,0.7489590441641368
-0.39637416823693006,-0.6323713042336356
1.0962526035886822,-0.7232132802191678
-0.789371157262582,-0.7826849357049946
1.0829863088694185,-0.09939160983701793
-1.488528707464734,0.29273447599660435
1.2209074925333863,-0.8329908081756857
1.2822250548953196,-0.6720872656766359
-1.4022518876489698,0.6284782641790312
-0.7413924355112075,0.09727649606074706
1.2638112555443968,-1.023503967412675
1.0797658153704153,-0.335592652191112
-0.9160299207424215,-0.6566873609687304
-0.6323628997698499,1.0856980503261007
1.313792514376685,-0.6608793480688274
-0.7236120572279501,-0.7666419417685877
-0.5549748715508517,0.89401933191932
-1.4950236651448572,-0.7686050447338434
0.713371051992615,0.8377095190257655
0.5798863129651176,-1.4214234470020082
-0.7351093036149514,-0.932576901077662
1.1290658314773125,-1.1216449108132578
-1.0882144183230698,-0.7738010967376825
1.2580502642543465,-1.24749054165513
-1.0633845678533347,-1.1115552072962485
-0.9331378418970693,-0.04270049992176552
-0.1737639745755421,-0.939380801508748
0.5345560277709119,-0.9651239721403351
-1.1675669815766072,-0.3010647562633378
-0.905725238275617,1.1152306979650028
0.8117559993558002,-1.1896159011821954
1.2504710484344554,-1.2331285083915873
-1.5461428502755739,-0.9644734364391117
-0.7865057189639387,-0.9763415360120808
0.9923308851536753,-0.5378117904988581
0.21666280778209504,0.9954662272796572
-1.1184354721441854,-0.9135006485264734
-0.9688025961943383,-0.7732475356831665
-1.0024002620866557,-1.2404472447275048
-0.8054891511369204,-1.4323888230706328
-0.8464818893237416,0.9618120575805896
0.46364916048120997,1.284070983347432
0.8750903308823601,-0.25946202412528463
1.1131747278142134,-1.2808443760116244
0.6900966352620084,0.9906748770714588
-1.2713539471876054,-0.8325193350121237
-1.0571869789107875,0.571023001258144
-0.8947792408215904,0.754487087110239
0.6990777796671209,1.1757585663335184
-0.851639290049806,-1.0654139086754062
-0.4273086778059678,-0.9603383814210733
0.791269645935956,0.8139070110590239
